16
16
17
17
13
17
18
19
14
12
17
16
15
16
16
16
17
17
14
13
17
13
17
16
15
17
18
13
15
16
17
17
17
17
17
16
17
19
18
19
14
16
18
18
15
8
19
14
14
17
14
16
14
19
15
15
18
18
19
18
17
17
19
18
14
18
18
18
15
19
18
18
15
17
16
17
9
17
14
16
14
11
17
11
13
14
12
17
14
17
8
12
17
13
16
15
15
15
15
15
13
17
17
15
17
19
17
11
16
17
17
17
12
17
16
17
14
10
18
13
14
15
13
16
15
18
12
13
17
15
17
16
16
16
17
15
14
17
17
17
16
18
17
15
15
11
8
11
8
14
11
17
10
12
18
8
16
16
5
17
15
14
5
10
12
7
14
7
6
16
10
17
8
13
10
10
14
10
11
8
18
12
5
11
5
13
8
12
5
6
18
10
7
15
8
9
12
13
8
12
5
12
12
12
8
11
16
10
10
6
15
12
8
7
8
8
14
14
5
14
1
10
12
13
6
3
4
3
8
20
4
9
10
11
9
8
11
10
8
7
11
8
14
8
7
12
15
5
3
8
4
1
16
15
9
13
8
14
13
14
9
10
16
11
12
16
8
13
13
15
9
13
12
12
13
12
12
12
15
12
10
12
15
11
11
10
12
10
